Month;Principal;Interest;Balance
1;376.54;781.25;249623.46
2;377.72;780.07;249245.75
3;378.90;778.89;248866.85
4;380.08;777.71;248486.77
5;381.27;776.52;248105.50
6;382.46;775.33;247723.04
7;383.65;774.13;247339.39
8;384.85;772.94;246954.53
9;386.06;771.73;246568.48
10;387.26;770.53;246181.22
11;388.47;769.32;245792.74
12;389.69;768.10;245403.06
13;390.90;766.88;245012.15
14;392.13;765.66;244620.03
15;393.35;764.44;244226.67
16;394.58;763.21;243832.09
17;395.81;761.98;243436.28
18;397.05;760.74;243039.23
19;398.29;759.50;242640.94
20;399.54;758.25;242241.40
21;400.78;757.00;241840.62
22;402.04;755.75;241438.58
23;403.29;754.50;241035.29
24;404.55;753.24;240630.73
25;405.82;751.97;240224.92
26;407.09;750.70;239817.83
27;408.36;749.43;239409.47
28;409.63;748.15;238999.84
29;410.91;746.87;238588.92
30;412.20;745.59;238176.72
31;413.49;744.30;237763.24
32;414.78;743.01;237348.46
33;416.08;741.71;236932.38
34;417.38;740.41;236515.01
35;418.68;739.11;236096.33
36;419.99;737.80;235676.34
37;421.30;736.49;235255.04
38;422.62;735.17;234832.42
39;423.94;733.85;234408.49
40;425.26;732.53;233983.22
41;426.59;731.20;233556.63
42;427.92;729.86;233128.71
43;429.26;728.53;232699.45
44;430.60;727.19;232268.84
45;431.95;725.84;231836.89
46;433.30;724.49;231403.59
47;434.65;723.14;230968.94
48;436.01;721.78;230532.93
49;437.37;720.42;230095.56
50;438.74;719.05;229656.82
51;440.11;717.68;229216.71
52;441.49;716.30;228775.22
53;442.87;714.92;228332.35
54;444.25;713.54;227888.10
55;445.64;712.15;227442.46
56;447.03;710.76;226995.43
57;448.43;709.36;226547.00
58;449.83;707.96;226097.17
59;451.24;706.55;225645.94
60;452.65;705.14;225193.29
61;454.06;703.73;224739.23
62;455.48;702.31;224283.75
63;456.90;700.89;223826.85
64;458.33;699.46;223368.52
65;459.76;698.03;222908.76
66;461.20;696.59;222447.56
67;462.64;695.15;221984.92
68;464.09;693.70;221520.83
69;465.54;692.25;221055.30
70;466.99;690.80;220588.31
71;468.45;689.34;220119.86
72;469.91;687.87;219649.94
73;471.38;686.41;219178.56
74;472.86;684.93;218705.70
75;474.33;683.46;218231.37
76;475.82;681.97;217755.55
77;477.30;680.49;217278.25
78;478.79;678.99;216799.46
79;480.29;677.50;216319.16
80;481.79;676.00;215837.37
81;483.30;674.49;215354.08
82;484.81;672.98;214869.27
83;486.32;671.47;214382.95
84;487.84;669.95;213895.10
85;489.37;668.42;213405.74
86;490.90;666.89;212914.84
87;492.43;665.36;212422.41
88;493.97;663.82;211928.44
89;495.51;662.28;211432.93
90;497.06;660.73;210935.87
91;498.61;659.17;210437.25
92;500.17;657.62;209937.08
93;501.74;656.05;209435.35
94;503.30;654.49;208932.04
95;504.88;652.91;208427.17
96;506.45;651.33;207920.71
97;508.04;649.75;207412.68
98;509.62;648.16;206903.05
99;511.22;646.57;206391.83
100;512.81;644.97;205879.02
101;514.42;643.37;205364.60
102;516.02;641.76;204848.58
103;517.64;640.15;204330.94
104;519.25;638.53;203811.69
105;520.88;636.91;203290.81
106;522.51;635.28;202768.30
107;524.14;633.65;202244.17
108;525.78;632.01;201718.39
109;527.42;630.37;201190.97
110;529.07;628.72;200661.90
111;530.72;627.07;200131.18
112;532.38;625.41;199598.80
113;534.04;623.75;199064.76
114;535.71;622.08;198529.05
115;537.39;620.40;197991.66
116;539.07;618.72;197452.60
117;540.75;617.04;196911.85
118;542.44;615.35;196369.41
119;544.13;613.65;195825.27
120;545.83;611.95;195279.44
121;547.54;610.25;194731.90
122;549.25;608.54;194182.65
123;550.97;606.82;193631.68
124;552.69;605.10;193078.99
125;554.42;603.37;192524.57
126;556.15;601.64;191968.42
127;557.89;599.90;191410.53
128;559.63;598.16;190850.90
129;561.38;596.41;190289.52
130;563.13;594.65;189726.39
131;564.89;592.89;189161.50
132;566.66;591.13;188594.84
133;568.43;589.36;188026.41
134;570.21;587.58;187456.20
135;571.99;585.80;186884.21
136;573.78;584.01;186310.44
137;575.57;582.22;185734.87
138;577.37;580.42;185157.50
139;579.17;578.62;184578.33
140;580.98;576.81;183997.35
141;582.80;574.99;183414.55
142;584.62;573.17;182829.93
143;586.45;571.34;182243.48
144;588.28;569.51;181655.21
145;590.12;567.67;181065.09
146;591.96;565.83;180473.13
147;593.81;563.98;179879.32
148;595.67;562.12;179283.65
149;597.53;560.26;178686.12
150;599.39;558.39;178086.73
151;601.27;556.52;177485.46
152;603.15;554.64;176882.32
153;605.03;552.76;176277.28
154;606.92;550.87;175670.36
155;608.82;548.97;175061.54
156;610.72;547.07;174450.82
157;612.63;545.16;173838.19
158;614.54;543.24;173223.65
159;616.47;541.32;172607.18
160;618.39;539.40;171988.79
161;620.32;537.46;171368.46
162;622.26;535.53;170746.20
163;624.21;533.58;170122.00
164;626.16;531.63;169495.84
165;628.11;529.67;168867.72
166;630.08;527.71;168237.65
167;632.05;525.74;167605.60
168;634.02;523.77;166971.58
169;636.00;521.79;166335.57
170;637.99;519.80;165697.58
171;639.98;517.80;165057.60
172;641.98;515.81;164415.62
173;643.99;513.80;163771.63
174;646.00;511.79;163125.62
175;648.02;509.77;162477.60
176;650.05;507.74;161827.56
177;652.08;505.71;161175.48
178;654.12;503.67;160521.36
179;656.16;501.63;159865.20
180;658.21;499.58;159206.99
181;660.27;497.52;158546.73
182;662.33;495.46;157884.39
183;664.40;493.39;157219.99
184;666.48;491.31;156553.52
185;668.56;489.23;155884.96
186;670.65;487.14;155214.31
187;672.74;485.04;154541.57
188;674.85;482.94;153866.72
189;676.96;480.83;153189.76
190;679.07;478.72;152510.69
191;681.19;476.60;151829.50
192;683.32;474.47;151146.18
193;685.46;472.33;150460.72
194;687.60;470.19;149773.12
195;689.75;468.04;149083.37
196;691.90;465.89;148391.47
197;694.07;463.72;147697.40
198;696.23;461.55;147001.17
199;698.41;459.38;146302.76
200;700.59;457.20;145602.17
201;702.78;455.01;144899.38
202;704.98;452.81;144194.41
203;707.18;450.61;143487.22
204;709.39;448.40;142777.83
205;711.61;446.18;142066.23
206;713.83;443.96;141352.39
207;716.06;441.73;140636.33
208;718.30;439.49;139918.03
209;720.55;437.24;139197.48
210;722.80;434.99;138474.69
211;725.06;432.73;137749.63
212;727.32;430.47;137022.31
213;729.59;428.19;136292.72
214;731.87;425.91;135560.84
215;734.16;423.63;134826.68
216;736.46;421.33;134090.23
217;738.76;419.03;133351.47
218;741.07;416.72;132610.40
219;743.38;414.41;131867.02
220;745.70;412.08;131121.32
221;748.03;409.75;130373.28
222;750.37;407.42;129622.91
223;752.72;405.07;128870.19
224;755.07;402.72;128115.12
225;757.43;400.36;127357.69
226;759.80;397.99;126597.90
227;762.17;395.62;125835.73
228;764.55;393.24;125071.17
229;766.94;390.85;124304.23
230;769.34;388.45;123534.89
231;771.74;386.05;122763.15
232;774.15;383.63;121989.00
233;776.57;381.22;121212.42
234;779.00;378.79;120433.42
235;781.43;376.35;119651.99
236;783.88;373.91;118868.11
237;786.33;371.46;118081.79
238;788.78;369.01;117293.00
239;791.25;366.54;116501.76
240;793.72;364.07;115708.03
241;796.20;361.59;114911.83
242;798.69;359.10;114113.14
243;801.19;356.60;113311.96
244;803.69;354.10;112508.27
245;806.20;351.59;111702.07
246;808.72;349.07;110893.35
247;811.25;346.54;110082.10
248;813.78;344.01;109268.32
249;816.33;341.46;108451.99
250;818.88;338.91;107633.12
251;821.44;336.35;106811.68
252;824.00;333.79;105987.68
253;826.58;331.21;105161.10
254;829.16;328.63;104331.94
255;831.75;326.04;103500.19
256;834.35;323.44;102665.84
257;836.96;320.83;101828.88
258;839.57;318.22;100989.31
259;842.20;315.59;100147.11
260;844.83;312.96;99302.28
261;847.47;310.32;98454.81
262;850.12;307.67;97604.69
263;852.77;305.01;96751.92
264;855.44;302.35;95896.48
265;858.11;299.68;95038.37
266;860.79;296.99;94177.57
267;863.48;294.30;93314.09
268;866.18;291.61;92447.91
269;868.89;288.90;91579.02
270;871.60;286.18;90707.41
271;874.33;283.46;89833.08
272;877.06;280.73;88956.02
273;879.80;277.99;88076.22
274;882.55;275.24;87193.67
275;885.31;272.48;86308.36
276;888.08;269.71;85420.29
277;890.85;266.94;84529.44
278;893.63;264.15;83635.80
279;896.43;261.36;82739.37
280;899.23;258.56;81840.15
281;902.04;255.75;80938.11
282;904.86;252.93;80033.25
283;907.69;250.10;79125.57
284;910.52;247.27;78215.04
285;913.37;244.42;77301.68
286;916.22;241.57;76385.46
287;919.08;238.70;75466.37
288;921.96;235.83;74544.41
289;924.84;232.95;73619.58
290;927.73;230.06;72691.85
291;930.63;227.16;71761.22
292;933.54;224.25;70827.69
293;936.45;221.34;69891.23
294;939.38;218.41;68951.86
295;942.31;215.47;68009.54
296;945.26;212.53;67064.28
297;948.21;209.58;66116.07
298;951.18;206.61;65164.89
299;954.15;203.64;64210.74
300;957.13;200.66;63253.61
301;960.12;197.67;62293.49
302;963.12;194.67;61330.37
303;966.13;191.66;60364.24
304;969.15;188.64;59395.09
305;972.18;185.61;58422.91
306;975.22;182.57;57447.69
307;978.26;179.52;56469.43
308;981.32;176.47;55488.10
309;984.39;173.40;54503.72
310;987.46;170.32;53516.25
311;990.55;167.24;52525.70
312;993.65;164.14;51532.05
313;996.75;161.04;50535.30
314;999.87;157.92;49535.44
315;1002.99;154.80;48532.45
316;1006.13;151.66;47526.32
317;1009.27;148.52;46517.05
318;1012.42;145.37;45504.63
319;1015.59;142.20;44489.04
320;1018.76;139.03;43470.28
321;1021.94;135.84;42448.34
322;1025.14;132.65;41423.20
323;1028.34;129.45;40394.86
324;1031.56;126.23;39363.30
325;1034.78;123.01;38328.52
326;1038.01;119.78;37290.51
327;1041.26;116.53;36249.25
328;1044.51;113.28;35204.74
329;1047.77;110.01;34156.97
330;1051.05;106.74;33105.92
331;1054.33;103.46;32051.59
332;1057.63;100.16;30993.96
333;1060.93;96.86;29933.03
334;1064.25;93.54;28868.78
335;1067.57;90.21;27801.21
336;1070.91;86.88;26730.30
337;1074.26;83.53;25656.04
338;1077.61;80.18;24578.43
339;1080.98;76.81;23497.44
340;1084.36;73.43;22413.08
341;1087.75;70.04;21325.34
342;1091.15;66.64;20234.19
343;1094.56;63.23;19139.63
344;1097.98;59.81;18041.65
345;1101.41;56.38;16940.25
346;1104.85;52.94;15835.39
347;1108.30;49.49;14727.09
348;1111.77;46.02;13615.32
349;1115.24;42.55;12500.08
350;1118.73;39.06;11381.36
351;1122.22;35.57;10259.13
352;1125.73;32.06;9133.41
353;1129.25;28.54;8004.16
354;1132.78;25.01;6871.38
355;1136.32;21.47;5735.07
356;1139.87;17.92;4595.20
357;1143.43;14.36;3451.77
358;1147.00;10.79;2304.77
359;1150.59;7.20;1154.18
360;1154.18;3.61;0.00
